-100,-161
-100,-155
-100,-131
-100,-125
-100,-113
-100,-107
-100,-101
-100,-95
-100,-53
-100,-29
-100,-23
-100,-11
-100,13
-100,25
-100,31
-100,49
-100,61
-100,79
-100,85
-100,97
-100,103
-100,109
-100,115
-100,121
-100,127
-100,139
-100,157
-100,175
-100,181
-100,193
-97,-197
-97,-194
-97,-191
-97,-185
-97,-182
-97,-179
-97,-176
-97,-173
-97,-167
-97,-161
-97,-155
-97,-152
-97,-149
-97,-146
-97,-143
-97,-137
-97,-131
-97,-125
-97,-122
-97,-119
-97,-113
-97,-107
-97,-101
-97,-95
-97,-92
-97,-89
-97,-86
-97,-83
-97,-80
-97,-77
-97,-74
-97,-71
-97,-68
-97,-65
-97,-62
-97,-59
-97,-53
-97,-50
-97,-47
-97,-44
-97,-41
-97,-35
-97,-29
-97,-23
-97,-20
-97,-17
-97,-11
-97,-5
-97,1
-97,4
-97,7
-97,10
-97,13
-97,16
-97,19
-97,25
-97,31
-97,34
-97,37
-97,43
-97,46
-97,49
-97,55
-97,58
-97,61
-97,67
-97,70
-97,73
-97,76
-97,79
-97,85
-97,91
-97,94
-97,97
-97,103
-97,109
-97,115
-97,121
-97,127
-97,133
-97,136
-97,139
-97,145
-97,148
-97,151
-97,154
-97,157
-97,160
-97,163
-97,169
-97,172
-97,175
-97,181
-97,184
-97,187
-97,193
-94,-197
-94,-185
-94,-173
-94,-167
-94,-137
-94,-125
-94,-113
-94,-101
-94,-71
-94,-65
-94,-59
-94,-41
-94,-35
-94,-29
-94,-17
-94,-11
-94,-5
-94,7
-94,13
-94,25
-94,37
-94,73
-94,79
-94,115
-94,121
-94,151
-94,169
-94,175
-94,187
-91,-197
-91,-191
-91,-185
-91,-182
-91,-179
-91,-173
-91,-170
-91,-167
-91,-164
-91,-161
-91,-158
-91,-155
-91,-149
-91,-143
-91,-140
-91,-137
-91,-131
-91,-128
-91,-125
-91,-122
-91,-119
-91,-113
-91,-110
-91,-107
-91,-101
-91,-98
-91,-95
-91,-89
-91,-83
-91,-77
-91,-71
-91,-65
-91,-59
-91,-56
-91,-53
-91,-50
-91,-47
-91,-41
-91,-38
-91,-35
-91,-29
-91,-23
-91,-20
-91,-17
-91,-11
-91,-8
-91,-5
-91,1
-91,4
-91,7
-91,13
-91,16
-91,19
-91,25
-91,28
-91,31
-91,37
-91,43
-91,46
-91,49
-91,52
-91,55
-91,58
-91,61
-91,67
-91,70
-91,73
-91,79
-91,85
-91,88
-91,91
-91,94
-91,97
-91,103
-91,106
-91,109
-91,112
-91,115
-91,121
-91,124
-91,127
-91,130
-91,133
-91,139
-91,142
-91,145
-91,148
-91,151
-91,154
-91,157
-91,163
-91,166
-91,169
-91,175
-91,178
-91,181
-91,187
-91,190
-91,193
-88,-197
-88,-191
-88,-185
-88,-173
-88,-161
-88,-149
-88,-143
-88,-131
-88,-125
-88,-107
-88,-89
-88,-83
-88,-77
-88,-41
-88,-29
-88,-5
-88,49
-88,61
-88,85
-88,91
-88,97
-88,109
-88,127
-88,139
-88,145
-88,169
-88,175
-88,187
-88,193
-85,-200
-85,-197
-85,-194
-85,-191
-85,-188
-85,-185
-85,-182
-85,-179
-85,-173
-85,-170
-85,-167
-85,-161
-85,-158
-85,-155
-85,-152
-85,-149
-85,-146
-85,-143
-85,-137
-85,-131
-85,-125
-85,-122
-85,-119
-85,-116
-85,-113
-85,-107
-85,-104
-85,-101
-85,-98
-85,-95
-85,-92
-85,-89
-85,-86
-85,-83
-85,-80
-85,-77
-85,-71
-85,-65
-85,-59
-85,-56
-85,-53
-85,-50
-85,-47
-85,-41
-85,-38
-85,-35
-85,-29
-85,-23
-85,-20
-85,-17
-85,-11
-85,-8
-85,-5
-85,-2
-85,1
-85,4
-85,7
-85,13
-85,16
-85,19
-85,22
-85,25
-85,31
-85,37
-85,43
-85,46
-85,49
-85,55
-85,58
-85,61
-85,64
-85,67
-85,70
-85,73
-85,76
-85,79
-85,85
-85,91
-85,97
-85,100
-85,103
-85,106
-85,109
-85,112
-85,115
-85,121
-85,124
-85,127
-85,133
-85,139
-85,145
-85,148
-85,151
-85,157
-85,163
-85,166
-85,169
-85,175
-85,181
-85,184
-85,187
-85,193
-82,-179
-82,-173
-82,-137
-82,-113
-82,-107
-82,-101
-82,-71
-82,-65
-82,-59
-82,-53
-82,-47
-82,-41
-82,-29
-82,-23
-82,-17
-82,-11
-82,-5
-82,1
-82,25
-82,31
-82,37
-82,61
-82,67
-82,73
-82,79
-82,97
-82,103
-82,109
-82,115
-82,121
-82,127
-82,133
-82,151
-82,157
-82,175
-82,187
-79,-200
-79,-197
-79,-194
-79,-191
-79,-185
-79,-182
-79,-179
-79,-173
-79,-170
-79,-167
-79,-164
-79,-161
-79,-155
-79,-149
-79,-146
-79,-143
-79,-137
-79,-131
-79,-128
-79,-125
-79,-122
-79,-119
-79,-113
-79,-107
-79,-101
-79,-98
-79,-95
-79,-92
-79,-89
-79,-83
-79,-80
-79,-77
-79,-74
-79,-71
-79,-68
-79,-65
-79,-62
-79,-59
-79,-53
-79,-47
-79,-41
-79,-38
-79,-35
-79,-29
-79,-23
-79,-17
-79,-11
-79,-5
-79,1
-79,7
-79,10
-79,13
-79,16
-79,19
-79,25
-79,31
-79,34
-79,37
-79,40
-79,43
-79,49
-79,52
-79,55
-79,58
-79,61
-79,67
-79,73
-79,79
-79,82
-79,85
-79,88
-79,91
-79,94
-79,97
-79,103
-79,109
-79,115
-79,121
-79,127
-79,130
-79,133
-79,136
-79,139
-79,145
-79,148
-79,151
-79,154
-79,157
-79,163
-79,166
-79,169
-79,172
-79,175
-79,181
-79,184
-79,187
-79,190
-79,193
-76,-191
-76,-185
-76,-173
-76,-167
-76,-155
-76,-149
-76,-137
-76,-131
-76,-95
-76,-89
-76,-83
-76,-41
-76,-35
-76,-29
-76,-23
-76,-11
-76,-5
-76,1
-76,19
-76,25
-76,43
-76,67
-76,73
-76,103
-76,109
-76,115
-76,127
-76,133
-76,157
-76,163
-76,175
-76,181
-76,193
-73,-200
-73,-197
-73,-191
-73,-185
-73,-182
-73,-179
-73,-173
-73,-167
-73,-164
-73,-161
-73,-158
-73,-155
-73,-152
-73,-149
-73,-146
-73,-143
-73,-137
-73,-131
-73,-128
-73,-125
-73,-119
-73,-116
-73,-113
-73,-110
-73,-107
-73,-101
-73,-95
-73,-89
-73,-86
-73,-83
-73,-80
-73,-77
-73,-71
-73,-68
-73,-65
-73,-62
-73,-59
-73,-56
-73,-53
-73,-47
-73,-41
-73,-35
-73,-29
-73,-26
-73,-23
-73,-20
-73,-17
-73,-11
-73,-5
-73,1
-73,7
-73,13
-73,19
-73,22
-73,25
-73,28
-73,31
-73,34
-73,37
-73,40
-73,43
-73,46
-73,49
-73,55
-73,58
-73,61
-73,64
-73,67
-73,73
-73,79
-73,82
-73,85
-73,88
-73,91
-73,94
-73,97
-73,100
-73,103
-73,109
-73,115
-73,121
-73,124
-73,127
-73,133
-73,136
-73,139
-73,145
-73,151
-73,154
-73,157
-73,163
-73,169
-73,175
-73,181
-73,184
-73,187
-73,193
-70,-197
-70,-179
-70,-173
-70,-167
-70,-137
-70,-131
-70,-125
-70,-119
-70,-113
-70,-101
-70,-95
-70,-89
-70,-83
-70,-77
-70,-71
-70,-59
-70,-47
-70,-29
-70,-23
-70,-17
-70,1
-70,7
-70,13
-70,31
-70,43
-70,49
-70,55
-70,61
-70,67
-70,73
-70,91
-70,97
-70,103
-70,109
-70,115
-70,139
-70,145
-70,151
-70,163
-70,169
-70,175
-70,187
-67,-197
-67,-194
-67,-191
-67,-188
-67,-185
-67,-179
-67,-173
-67,-167
-67,-164
-67,-161
-67,-158
-67,-155
-67,-149
-67,-146
-67,-143
-67,-140
-67,-137
-67,-134
-67,-131
-67,-125
-67,-122
-67,-119
-67,-113
-67,-110
-67,-107
-67,-101
-67,-95
-67,-89
-67,-83
-67,-77
-67,-74
-67,-71
-67,-68
-67,-65
-67,-59
-67,-56
-67,-53
-67,-50
-67,-47
-67,-44
-67,-41
-67,-38
-67,-35
-67,-29
-67,-23
-67,-17
-67,-14
-67,-11
-67,-5
-67,-2
-67,1
-67,4
-67,7
-67,13
-67,16
-67,19
-67,25
-67,31
-67,37
-67,40
-67,43
-67,49
-67,52
-67,55
-67,61
-67,67
-67,73
-67,79
-67,82
-67,85
-67,88
-67,91
-67,97
-67,103
-67,109
-67,115
-67,118
-67,121
-67,127
-67,130
-67,133
-67,139
-67,142
-67,145
-67,151
-67,154
-67,157
-67,163
-67,169
-67,172
-67,175
-67,181
-67,184
-67,187
-67,193
-64,-161
-64,-149
-64,-143
-64,-131
-64,-101
-64,-77
-64,-65
-64,-59
-64,-47
-64,-11
-64,-5
-64,13
-64,19
-64,25
-64,37
-64,43
-64,97
-64,109
-64,121
-64,133
-64,145
-64,193
-61,-197
-61,-191
-61,-185
-61,-179
-61,-176
-61,-173
-61,-167
-61,-164
-61,-161
-61,-158
-61,-155
-61,-152
-61,-149
-61,-143
-61,-137
-61,-134
-61,-131
-61,-128
-61,-125
-61,-122
-61,-119
-61,-116
-61,-113
-61,-110
-61,-107
-61,-104
-61,-101
-61,-98
-61,-95
-61,-92
-61,-89
-61,-83
-61,-77
-61,-74
-61,-71
-61,-65
-61,-59
-61,-56
-61,-53
-61,-47
-61,-41
-61,-38
-61,-35
-61,-29
-61,-26
-61,-23
-61,-17
-61,-14
-61,-11
-61,-5
-61,1
-61,4
-61,7
-61,10
-61,13
-61,19
-61,22
-61,25
-61,28
-61,31
-61,34
-61,37
-61,43
-61,49
-61,55
-61,58
-61,61
-61,67
-61,70
-61,73
-61,76
-61,79
-61,85
-61,88
-61,91
-61,94
-61,97
-61,103
-61,106
-61,109
-61,112
-61,115
-61,121
-61,127
-61,133
-61,136
-61,139
-61,142
-61,145
-61,151
-61,154
-61,157
-61,160
-61,163
-61,166
-61,169
-61,172
-61,175
-61,181
-61,187
-61,190
-61,193
-61,196
-61,197
-61,198
-58,-197
-58,-191
-58,-185
-58,-179
-58,-155
-58,-149
-58,-143
-58,-137
-58,-125
-58,-119
-58,-113
-58,-101
-58,-83
-58,-47
-58,-41
-58,-29
-58,-17
-58,-11
-58,-5
-58,1
-58,13
-58,25
-58,49
-58,61
-58,67
-58,73
-58,79
-58,91
-58,103
-58,127
-58,133
-58,139
-58,145
-58,151
-58,175
-58,181
-58,193
-55,-200
-55,-197
-55,-194
-55,-191
-55,-188
-55,-185
-55,-182
-55,-179
-55,-176
-55,-173
-55,-170
-55,-167
-55,-164
-55,-161
-55,-155
-55,-149
-55,-143
-55,-137
-55,-134
-55,-131
-55,-125
-55,-119
-55,-113
-55,-110
-55,-107
-55,-101
-55,-98
-55,-95
-55,-92
-55,-89
-55,-86
-55,-83
-55,-80
-55,-77
-55,-74
-55,-71
-55,-68
-55,-65
-55,-59
-55,-53
-55,-47
-55,-41
-55,-38
-55,-35
-55,-32
-55,-29
-55,-26
-55,-23
-55,-17
-55,-11
-55,-5
-55,1
-55,4
-55,7
-55,13
-55,16
-55,19
-55,25
-55,28
-55,31
-55,37
-55,43
-55,46
-55,49
-55,52
-55,55
-55,58
-55,61
-55,64
-55,67
-55,73
-55,79
-55,82
-55,85
-55,88
-55,91
-55,94
-55,97
-55,103
-55,106
-55,109
-55,115
-55,121
-55,124
-55,127
-55,130
-55,133
-55,139
-55,145
-55,151
-55,157
-55,160
-55,163
-55,166
-55,169
-55,175
-55,181
-55,187
-55,190
-55,193
-52,-191
-52,-161
-52,-155
-52,-149
-52,-143
-52,-131
-52,-101
-52,-83
-52,-77
-52,-59
-52,-53
-52,-41
-52,-35
-52,-17
-52,-11
-52,1
-52,37
-52,49
-52,67
-52,97
-52,103
-52,115
-52,133
-52,139
-52,169
-52,175
-52,181
-52,193
-49,-200
-49,-197
-49,-191
-49,-188
-49,-185
-49,-182
-49,-179
-49,-176
-49,-173
-49,-167
-49,-164
-49,-161
-49,-155
-49,-149
-49,-143
-49,-137
-49,-131
-49,-128
-49,-125
-49,-122
-49,-119
-49,-116
-49,-113
-49,-107
-49,-104
-49,-101
-49,-98
-49,-95
-49,-92
-49,-89
-49,-83
-49,-77
-49,-74
-49,-71
-49,-65
-49,-62
-49,-59
-49,-56
-49,-53
-49,-50
-49,-47
-49,-44
-49,-41
-49,-35
-49,-32
-49,-29
-49,-26
-49,-23
-49,-17
-49,-11
-49,-8
-49,-5
-49,1
-49,4
-49,7
-49,13
-49,16
-49,19
-49,22
-49,25
-49,28
-49,31
-49,34
-49,37
-49,40
-49,43
-49,46
-49,49
-49,52
-49,55
-49,61
-49,64
-49,67
-49,70
-49,73
-49,79
-49,82
-49,85
-49,88
-49,91
-49,94
-49,97
-49,103
-49,106
-49,109
-49,112
-49,115
-49,121
-49,124
-49,127
-49,130
-49,133
-49,139
-49,145
-49,151
-49,154
-49,157
-49,160
-49,163
-49,166
-49,169
-49,172
-49,175
-49,181
-49,184
-49,187
-49,190
-49,193
-49,196
-49,197
-49,198
-46,-191
-46,-185
-46,-179
-46,-161
-46,-155
-46,-143
-46,-137
-46,-107
-46,-95
-46,-71
-46,-65
-46,-59
-46,-53
-46,-47
-46,-41
-46,-23
-46,-11
-46,7
-46,13
-46,31
-46,49
-46,79
-46,91
-46,97
-46,109
-46,115
-46,145
-46,163
-46,169
-46,175
-46,181
-46,187
-46,193
-43,-200
-43,-197
-43,-191
-43,-185
-43,-179
-43,-176
-43,-173
-43,-170
-43,-167
-43,-161
-43,-155
-43,-152
-43,-149
-43,-143
-43,-140
-43,-137
-43,-131
-43,-128
-43,-125
-43,-122
-43,-119
-43,-116
-43,-113
-43,-107
-43,-104
-43,-101
-43,-95
-43,-92
-43,-89
-43,-86
-43,-83
-43,-80
-43,-77
-43,-71
-43,-68
-43,-65
-43,-59
-43,-53
-43,-47
-43,-41
-43,-38
-43,-35
-43,-32
-43,-29
-43,-23
-43,-17
-43,-14
-43,-11
-43,-8
-43,-5
-43,1
-43,4
-43,7
-43,13
-43,19
-43,22
-43,25
-43,28
-43,31
-43,37
-43,40
-43,43
-43,46
-43,49
-43,55
-43,58
-43,61
-43,64
-43,67
-43,70
-43,73
-43,76
-43,79
-43,85
-43,88
-43,91
-43,97
-43,103
-43,106
-43,109
-43,115
-43,121
-43,124
-43,127
-43,130
-43,133
-43,136
-43,139
-43,142
-43,145
-43,148
-43,151
-43,157
-43,160
-43,163
-43,169
-43,175
-43,178
-43,181
-43,187
-43,193
-40,-191
-40,-161
-40,-155
-40,-137
-40,-131
-40,-125
-40,-119
-40,-77
-40,-59
-40,-47
-40,-23
-40,-17
-40,-11
-40,13
-40,19
-40,25
-40,31
-40,37
-40,43
-40,67
-40,79
-40,91
-40,97
-40,115
-40,127
-40,133
-40,151
-40,157
-40,163
-40,169
-37,-200
-37,-197
-37,-191
-37,-185
-37,-182
-37,-179
-37,-176
-37,-173
-37,-167
-37,-161
-37,-155
-37,-149
-37,-143
-37,-140
-37,-137
-37,-134
-37,-131
-37,-125
-37,-119
-37,-116
-37,-113
-37,-110
-37,-107
-37,-101
-37,-95
-37,-89
-37,-86
-37,-83
-37,-77
-37,-74
-37,-71
-37,-68
-37,-65
-37,-59
-37,-56
-37,-53
-37,-47
-37,-44
-37,-41
-37,-38
-37,-35
-37,-32
-37,-29
-37,-23
-37,-17
-37,-11
-37,-8
-37,-5
-37,1
-37,4
-37,7
-37,10
-37,13
-37,19
-37,25
-37,31
-37,37
-37,43
-37,49
-37,55
-37,58
-37,61
-37,64
-37,67
-37,73
-37,76
-37,79
-37,85
-37,88
-37,91
-37,97
-37,103
-37,106
-37,109
-37,112
-37,115
-37,121
-37,124
-37,127
-37,133
-37,139
-37,142
-37,145
-37,148
-37,151
-37,154
-37,157
-37,163
-37,169
-37,175
-37,178
-37,181
-37,187
-37,190
-37,193
-37,196
-37,197
-37,198
-34,-191
-34,-185
-34,-179
-34,-167
-34,-149
-34,-143
-34,-137
-34,-125
-34,-119
-34,-101
-34,-95
-34,-89
-34,-83
-34,-53
-34,-41
-34,-29
-34,-23
-34,-5
-34,13
-34,19
-34,31
-34,43
-34,49
-34,55
-34,67
-34,73
-34,79
-34,85
-34,97
-34,103
-34,109
-34,115
-34,121
-34,127
-34,133
-34,151
-34,163
-34,169
-34,181
-34,193
-31,-197
-31,-191
-31,-188
-31,-185
-31,-179
-31,-176
-31,-173
-31,-170
-31,-167
-31,-164
-31,-161
-31,-158
-31,-155
-31,-152
-31,-149
-31,-143
-31,-137
-31,-134
-31,-131
-31,-125
-31,-119
-31,-116
-31,-113
-31,-110
-31,-107
-31,-101
-31,-98
-31,-95
-31,-92
-31,-89
-31,-83
-31,-77
-31,-74
-31,-71
-31,-68
-31,-65
-31,-62
-31,-59
-31,-53
-31,-50
-31,-47
-31,-41
-31,-38
-31,-35
-31,-29
-31,-23
-31,-20
-31,-17
-31,-14
-31,-11
-31,-5
-31,1
-31,4
-31,7
-31,10
-31,13
-31,19
-31,25
-31,31
-31,37
-31,40
-31,43
-31,49
-31,52
-31,55
-31,58
-31,61
-31,67
-31,73
-31,79
-31,85
-31,88
-31,91
-31,97
-31,103
-31,109
-31,115
-31,121
-31,127
-31,133
-31,139
-31,142
-31,145
-31,148
-31,151
-31,157
-31,160
-31,163
-31,169
-31,175
-31,178
-31,181
-31,184
-31,187
-31,193
-28,-197
-28,-185
-28,-179
-28,-173
-28,-149
-28,-125
-28,-119
-28,-107
-28,-101
-28,-77
-28,-71
-28,-65
-28,-59
-28,-23
-28,1
-28,7
-28,25
-28,43
-28,49
-28,73
-28,85
-28,97
-28,127
-28,133
-28,145
-28,163
-28,169
-28,175
-28,187
-28,193
-25,-200
-25,-197
-25,-191
-25,-188
-25,-185
-25,-179
-25,-173
-25,-170
-25,-167
-25,-164
-25,-161
-25,-158
-25,-155
-25,-149
-25,-143
-25,-140
-25,-137
-25,-134
-25,-131
-25,-125
-25,-119
-25,-116
-25,-113
-25,-107
-25,-104
-25,-101
-25,-98
-25,-95
-25,-89
-25,-86
-25,-83
-25,-77
-25,-71
-25,-65
-25,-59
-25,-56
-25,-53
-25,-50
-25,-47
-25,-44
-25,-41
-25,-38
-25,-35
-25,-29
-25,-23
-25,-20
-25,-17
-25,-11
-25,-8
-25,-5
-25,-2
-25,1
-25,7
-25,10
-25,13
-25,19
-25,22
-25,25
-25,28
-25,31
-25,34
-25,37
-25,40
-25,43
-25,49
-25,55
-25,58
-25,61
-25,64
-25,67
-25,70
-25,73
-25,79
-25,82
-25,85
-25,88
-25,91
-25,97
-25,103
-25,109
-25,115
-25,118
-25,121
-25,124
-25,127
-25,133
-25,139
-25,142
-25,145
-25,151
-25,154
-25,157
-25,160
-25,163
-25,169
-25,175
-25,178
-25,181
-25,187
-25,190
-25,193
-22,-173
-22,-155
-22,-143
-22,-131
-22,-125
-22,-119
-22,-113
-22,-107
-22,-101
-22,-83
-22,-77
-22,-29
-22,-23
-22,-5
-22,13
-22,19
-22,37
-22,43
-22,61
-22,67
-22,73
-22,85
-22,103
-22,109
-22,115
-22,133
-22,139
-22,175
-19,-200
-19,-197
-19,-194
-19,-191
-19,-188
-19,-185
-19,-182
-19,-179
-19,-173
-19,-170
-19,-167
-19,-164
-19,-161
-19,-155
-19,-152
-19,-149
-19,-146
-19,-143
-19,-137
-19,-134
-19,-131
-19,-125
-19,-119
-19,-113
-19,-107
-19,-101
-19,-95
-19,-89
-19,-86
-19,-83
-19,-80
-19,-77
-19,-74
-19,-71
-19,-68
-19,-65
-19,-62
-19,-59
-19,-56
-19,-53
-19,-47
-19,-44
-19,-41
-19,-38
-19,-35
-19,-32
-19,-29
-19,-23
-19,-20
-19,-17
-19,-11
-19,-8
-19,-5
-19,-2
-19,1
-19,7
-19,10
-19,13
-19,19
-19,25
-19,28
-19,31
-19,34
-19,37
-19,43
-19,49
-19,52
-19,55
-19,58
-19,61
-19,67
-19,73
-19,79
-19,82
-19,85
-19,91
-19,94
-19,97
-19,100
-19,103
-19,106
-19,109
-19,112
-19,115
-19,118
-19,121
-19,124
-19,127
-19,133
-19,139
-19,145
-19,148
-19,151
-19,157
-19,163
-19,166
-19,169
-19,175
-19,181
-19,187
-19,190
-19,193
-16,-197
-16,-191
-16,-185
-16,-179
-16,-173
-16,-167
-16,-143
-16,-137
-16,-131
-16,-119
-16,-113
-16,-95
-16,-83
-16,-77
-16,-59
-16,-47
-16,-17
-16,-5
-16,1
-16,55
-16,67
-16,73
-16,85
-16,91
-16,151
-16,157
-16,163
-16,169
-16,181
-16,187
-13,-197
-13,-191
-13,-185
-13,-179
-13,-173
-13,-167
-13,-164
-13,-161
-13,-158
-13,-155
-13,-152
-13,-149
-13,-143
-13,-137
-13,-131
-13,-128
-13,-125
-13,-119
-13,-113
-13,-110
-13,-107
-13,-104
-13,-101
-13,-95
-13,-92
-13,-89
-13,-86
-13,-83
-13,-77
-13,-71
-13,-68
-13,-65
-13,-59
-13,-56
-13,-53
-13,-50
-13,-47
-13,-44
-13,-41
-13,-38
-13,-35
-13,-32
-13,-29
-13,-26
-13,-23
-13,-17
-13,-14
-13,-11
-13,-5
-13,1
-13,4
-13,7
-13,13
-13,16
-13,19
-13,22
-13,25
-13,31
-13,34
-13,37
-13,40
-13,43
-13,46
-13,49
-13,52
-13,55
-13,61
-13,64
-13,67
-13,73
-13,79
-13,82
-13,85
-13,91
-13,97
-13,100
-13,103
-13,106
-13,109
-13,112
-13,115
-13,121
-13,124
-13,127
-13,133
-13,139
-13,145
-13,148
-13,151
-13,154
-13,157
-13,163
-13,169
-13,175
-13,178
-13,181
-13,184
-13,187
-13,190
-13,193
-13,196
-13,197
-13,198
-10,-197
-10,-191
-10,-179
-10,-167
-10,-149
-10,-143
-10,-131
-10,-119
-10,-107
-10,-101
-10,-95
-10,-89
-10,-83
-10,-71
-10,-59
-10,-53
-10,-41
-10,-35
-10,-5
-10,1
-10,7
-10,25
-10,37
-10,49
-10,67
-10,115
-10,127
-10,133
-10,139
-10,151
-10,169
-10,175
-10,181
-10,187
-7,-197
-7,-191
-7,-188
-7,-185
-7,-179
-7,-176
-7,-173
-7,-167
-7,-161
-7,-158
-7,-155
-7,-149
-7,-143
-7,-140
-7,-137
-7,-131
-7,-125
-7,-119
-7,-113
-7,-110
-7,-107
-7,-101
-7,-98
-7,-95
-7,-89
-7,-83
-7,-80
-7,-77
-7,-74
-7,-71
-7,-68
-7,-65
-7,-59
-7,-53
-7,-50
-7,-47
-7,-41
-7,-35
-7,-32
-7,-29
-7,-23
-7,-20
-7,-17
-7,-14
-7,-11
-7,-5
-7,1
-7,7
-7,13
-7,16
-7,19
-7,22
-7,25
-7,28
-7,31
-7,34
-7,37
-7,43
-7,46
-7,49
-7,52
-7,55
-7,61
-7,64
-7,67
-7,73
-7,76
-7,79
-7,82
-7,85
-7,91
-7,94
-7,97
-7,100
-7,103
-7,106
-7,109
-7,112
-7,115
-7,118
-7,121
-7,127
-7,130
-7,133
-7,136
-7,139
-7,142
-7,145
-7,148
-7,151
-7,154
-7,157
-7,160
-7,163
-7,166
-7,169
-7,172
-7,175
-7,181
-7,187
-7,193
-7,196
-7,197
-7,198
-4,-179
-4,-173
-4,-161
-4,-137
-4,-125
-4,-113
-4,-107
-4,-89
-4,-77
-4,-71
-4,-65
-4,-53
-4,-47
-4,-35
-4,-29
-4,-23
-4,31
-4,37
-4,55
-4,61
-4,79
-4,97
-4,121
-4,163
-1,-200
-1,-197
-1,-194
-1,-191
-1,-188
-1,-185
-1,-179
-1,-173
-1,-170
-1,-167
-1,-164
-1,-161
-1,-158
-1,-155
-1,-149
-1,-146
-1,-143
-1,-137
-1,-134
-1,-131
-1,-125
-1,-122
-1,-119
-1,-113
-1,-107
-1,-104
-1,-101
-1,-98
-1,-95
-1,-89
-1,-86
-1,-83
-1,-77
-1,-71
-1,-65
-1,-62
-1,-59
-1,-53
-1,-47
-1,-44
-1,-41
-1,-35
-1,-29
-1,-26
-1,-23
-1,-17
-1,-14
-1,-11
-1,-8
-1,-5
-1,1
-1,7
-1,13
-1,16
-1,19
-1,25
-1,28
-1,31
-1,37
-1,43
-1,49
-1,52
-1,55
-1,61
-1,64
-1,67
-1,73
-1,79
-1,82
-1,85
-1,88
-1,91
-1,97
-1,103
-1,106
-1,109
-1,112
-1,115
-1,118
-1,121
-1,124
-1,127
-1,130
-1,133
-1,139
-1,142
-1,145
-1,151
-1,157
-1,160
-1,163
-1,169
-1,172
-1,175
-1,178
-1,181
-1,187
-1,193
-1,196
-1,197
-1,198
2,-191
2,-161
2,-149
2,-143
2,-137
2,-125
2,-119
2,-107
2,-65
2,-23
2,-17
2,-11
2,1
2,7
2,13
2,19
2,31
2,37
2,43
2,49
2,61
2,73
2,79
2,91
2,97
2,133
2,145
2,151
2,181
2,187
5,-200
5,-197
5,-191
5,-185
5,-182
5,-179
5,-176
5,-173
5,-167
5,-164
5,-161
5,-158
5,-155
5,-152
5,-149
5,-143
5,-137
5,-134
5,-131
5,-128
5,-125
5,-119
5,-116
5,-113
5,-107
5,-104
5,-101
5,-98
5,-95
5,-92
5,-89
5,-86
5,-83
5,-80
5,-77
5,-74
5,-71
5,-65
5,-62
5,-59
5,-53
5,-47
5,-44
5,-41
5,-38
5,-35
5,-29
5,-26
5,-23
5,-20
5,-17
5,-11
5,-8
5,-5
5,-2
5,1
5,7
5,10
5,13
5,19
5,22
5,25
5,28
5,31
5,37
5,43
5,46
5,49
5,52
5,55
5,61
5,67
5,70
5,73
5,76
5,79
5,85
5,88
5,91
5,94
5,97
5,103
5,106
5,109
5,112
5,115
5,118
5,121
5,127
5,130
5,133
5,136
5,139
5,145
5,148
5,151
5,154
5,157
5,160
5,163
5,166
5,169
5,172
5,175
5,178
5,181
5,184
5,187
5,193
5,196
5,197
5,198
8,-197
8,-185
8,-131
8,-101
8,-95
8,-53
8,-47
8,-35
8,-23
8,-11
8,7
8,19
8,37
8,103
8,115
8,121
8,133
8,139
8,157
8,163
8,169
8,187
11,-197
11,-191
11,-188
11,-185
11,-182
11,-179
11,-173
11,-170
11,-167
11,-161
11,-158
11,-155
11,-149
11,-143
11,-137
11,-131
11,-128
11,-125
11,-122
11,-119
11,-113
11,-110
11,-107
11,-101
11,-95
11,-92
11,-89
11,-83
11,-80
11,-77
11,-74
11,-71
11,-68
11,-65
11,-59
11,-56
11,-53
11,-50
11,-47
11,-44
11,-41
11,-35
11,-29
11,-23
11,-20
11,-17
11,-11
11,-8
11,-5
11,-2
11,1
11,7
11,13
11,16
11,19
11,25
11,28
11,31
11,34
11,37
11,43
11,46
11,49
11,52
11,55
11,58
11,61
11,67
11,70
11,73
11,76
11,79
11,82
11,85
11,91
11,94
11,97
11,103
11,106
11,109
11,115
11,121
11,127
11,133
11,139
11,145
11,148
11,151
11,154
11,157
11,163
11,169
11,175
11,178
11,181
11,184
11,187
11,190
11,193
11,196
11,197
11,198
14,-191
14,-179
14,-173
14,-161
14,-149
14,-143
14,-137
14,-131
14,-113
14,-101
14,-83
14,-71
14,-59
14,-53
14,-29
14,61
14,67
14,85
14,91
14,109
14,121
14,127
14,139
14,157
14,169
14,181
17,-200
17,-197
17,-194
17,-191
17,-185
17,-179
17,-173
17,-167
17,-164
17,-161
17,-158
17,-155
17,-152
17,-149
17,-146
17,-143
17,-140
17,-137
17,-131
17,-128
17,-125
17,-122
17,-119
17,-116
17,-113
17,-110
17,-107
17,-101
17,-98
17,-95
17,-92
17,-89
17,-86
17,-83
17,-80
17,-77
17,-71
17,-65
17,-62
17,-59
17,-53
17,-47
17,-41
17,-38
17,-35
17,-32
17,-29
17,-26
17,-23
17,-20
17,-17
17,-11
17,-8
17,-5
17,1
17,7
17,10
17,13
17,19
17,22
17,25
17,28
17,31
17,37
17,40
17,43
17,46
17,49
17,55
17,58
17,61
17,64
17,67
17,73
17,79
17,82
17,85
17,88
17,91
17,94
17,97
17,100
17,103
17,106
17,109
17,115
17,118
17,121
17,124
17,127
17,130
17,133
17,139
17,142
17,145
17,148
17,151
17,154
17,157
17,163
17,166
17,169
17,175
17,178
17,181
17,187
17,190
17,193
17,196
17,197
17,198
20,-197
20,-185
20,-179
20,-173
20,-167
20,-131
20,-119
20,-113
20,-107
20,-101
20,-95
20,-77
20,-65
20,-53
20,-47
20,-41
20,-29
20,-23
20,-11
20,1
20,13
20,31
20,49
20,73
20,79
20,115
20,121
20,175
23,-197
23,-194
23,-191
23,-188
23,-185
23,-179
23,-173
23,-170
23,-167
23,-164
23,-161
23,-158
23,-155
23,-149
23,-146
23,-143
23,-140
23,-137
23,-131
23,-128
23,-125
23,-119
23,-113
23,-107
23,-101
23,-95
23,-92
23,-89
23,-86
23,-83
23,-77
23,-71
23,-65
23,-62
23,-59
23,-53
23,-50
23,-47
23,-44
23,-41
23,-38
23,-35
23,-29
23,-23
23,-20
23,-17
23,-14
23,-11
23,-8
23,-5
23,-2
23,1
23,7
23,13
23,16
23,19
23,25
23,31
23,34
23,37
23,43
23,49
23,52
23,55
23,58
23,61
23,67
23,70
23,73
23,76
23,79
23,85
23,88
23,91
23,97
23,100
23,103
23,106
23,109
23,115
23,121
23,124
23,127
23,130
23,133
23,136
23,139
23,145
23,148
23,151
23,154
23,157
23,160
23,163
23,166
23,169
23,172
23,175
23,181
23,184
23,187
23,190
23,193
23,196
23,197
23,198
26,-197
26,-191
26,-179
26,-167
26,-149
26,-131
26,-125
26,-119
26,-89
26,-77
26,-71
26,-65
26,-59
26,-47
26,-41
26,7
26,19
26,25
26,37
26,43
26,55
26,67
26,91
26,109
26,115
26,121
26,139
26,151
26,157
26,193
29,-197
29,-191
29,-188
29,-185
29,-179
29,-176
29,-173
29,-170
29,-167
29,-164
29,-161
29,-158
29,-155
29,-152
29,-149
29,-146
29,-143
29,-140
29,-137
29,-131
29,-125
29,-119
29,-113
29,-110
29,-107
29,-101
29,-95
29,-92
29,-89
29,-86
29,-83
29,-77
29,-74
29,-71
29,-68
29,-65
29,-59
29,-53
29,-47
29,-41
29,-38
29,-35
29,-29
29,-23
29,-17
29,-14
29,-11
29,-8
29,-5
29,-2
29,1
29,7
29,13
29,19
29,25
29,28
29,31
29,37
29,40
29,43
29,46
29,49
29,52
29,55
29,58
29,61
29,67
29,73
29,76
29,79
29,82
29,85
29,91
29,94
29,97
29,103
29,109
29,112
29,115
29,121
29,127
29,130
29,133
29,139
29,142
29,145
29,148
29,151
29,157
29,163
29,166
29,169
29,172
29,175
29,178
29,181
29,184
29,187
29,193
32,-191
32,-179
32,-173
32,-155
32,-149
32,-119
32,-113
32,-101
32,-95
32,-89
32,-83
32,-77
32,-71
32,-53
32,-29
32,-23
32,1
32,7
32,13
32,19
32,25
32,43
32,49
32,55
32,61
32,67
32,85
32,97
32,103
32,109
32,121
32,127
32,157
32,169
32,187
35,-200
35,-197
35,-191
35,-188
35,-185
35,-179
35,-173
35,-167
35,-164
35,-161
35,-155
35,-149
35,-146
35,-143
35,-140
35,-137
35,-131
35,-128
35,-125
35,-119
35,-116
35,-113
35,-110
35,-107
35,-101
35,-95
35,-89
35,-83
35,-77
35,-71
35,-68
35,-65
35,-62
35,-59
35,-53
35,-50
35,-47
35,-41
35,-35
35,-29
35,-26
35,-23
35,-17
35,-14
35,-11
35,-5
35,-2
35,1
35,4
35,7
35,13
35,16
35,19
35,22
35,25
35,31
35,34
35,37
35,43
35,49
35,55
35,61
35,64
35,67
35,73
35,76
35,79
35,85
35,88
35,91
35,97
35,100
35,103
35,109
35,115
35,118
35,121
35,127
35,130
35,133
35,136
35,139
35,145
35,148
35,151
35,154
35,157
35,163
35,166
35,169
35,175
35,181
35,187
35,193
35,196
35,197
35,198
38,-197
38,-185
38,-179
38,-173
38,-167
38,-155
38,-131
38,-113
38,-101
38,-95
38,-89
38,-83
38,-77
38,-53
38,-41
38,-35
38,-23
38,-17
38,7
38,13
38,37
38,79
38,91
38,97
38,103
38,133
38,157
38,163
38,175
38,181
38,187
38,193
41,-197
41,-194
41,-191
41,-185
41,-179
41,-173
41,-170
41,-167
41,-164
41,-161
41,-155
41,-152
41,-149
41,-143
41,-140
41,-137
41,-134
41,-131
41,-125
41,-119
41,-116
41,-113
41,-110
41,-107
41,-104
41,-101
41,-95
41,-89
41,-83
41,-77
41,-71
41,-68
41,-65
41,-59
41,-56
41,-53
41,-50
41,-47
41,-44
41,-41
41,-35
41,-29
41,-23
41,-17
41,-11
41,-5
41,-2
41,1
41,7
41,13
41,16
41,19
41,25
41,28
41,31
41,34
41,37
41,43
41,46
41,49
41,52
41,55
41,58
41,61
41,67
41,73
41,79
41,82
41,85
41,88
41,91
41,94
41,97
41,103
41,109
41,115
41,118
41,121
41,127
41,130
41,133
41,136
41,139
41,142
41,145
41,148
41,151
41,154
41,157
41,163
41,169
41,175
41,178
41,181
41,184
41,187
41,190
41,193
44,-185
44,-179
44,-173
44,-167
44,-161
44,-143
44,-125
44,-107
44,-101
44,-71
44,-59
44,-35
44,-29
44,-23
44,-17
44,-11
44,1
44,7
44,19
44,25
44,55
44,67
44,73
44,103
44,109
44,115
44,121
44,163
44,169
44,175
44,181
44,187
44,193
47,-200
47,-197
47,-191
47,-185
47,-179
47,-173
47,-167
47,-161
47,-155
47,-149
47,-143
47,-137
47,-134
47,-131
47,-128
47,-125
47,-119
47,-116
47,-113
47,-107
47,-101
47,-95
47,-92
47,-89
47,-83
47,-80
47,-77
47,-71
47,-68
47,-65
47,-62
47,-59
47,-53
47,-50
47,-47
47,-41
47,-35
47,-32
47,-29
47,-23
47,-20
47,-17
47,-14
47,-11
47,-5
47,1
47,4
47,7
47,13
47,16
47,19
47,22
47,25
47,31
47,34
47,37
47,43
47,46
47,49
47,55
47,58
47,61
47,67
47,70
47,73
47,76
47,79
47,85
47,91
47,97
47,100
47,103
47,109
47,112
47,115
47,121
47,124
47,127
47,133
47,139
47,145
47,151
47,154
47,157
47,163
47,169
47,172
47,175
47,181
47,187
47,193
50,-191
50,-155
50,-149
50,-143
50,-137
50,-119
50,-95
50,-77
50,-71
50,-53
50,-41
50,-35
50,-29
50,-23
50,-17
50,-5
50,1
50,19
50,31
50,43
50,61
50,73
50,85
50,91
50,97
50,127
50,133
50,139
50,145
50,157
50,169
50,181
50,187
53,-200
53,-197
53,-194
53,-191
53,-188
53,-185
53,-179
53,-176
53,-173
53,-167
53,-161
53,-158
53,-155
53,-152
53,-149
53,-143
53,-140
53,-137
53,-134
53,-131
53,-128
53,-125
53,-119
53,-116
53,-113
53,-107
53,-104
53,-101
53,-95
53,-89
53,-86
53,-83
53,-80
53,-77
53,-74
53,-71
53,-68
53,-65
53,-62
53,-59
53,-53
53,-47
53,-41
53,-38
53,-35
53,-29
53,-26
53,-23
53,-17
53,-14
53,-11
53,-5
53,-2
53,1
53,4
53,7
53,13
53,16
53,19
53,22
53,25
53,31
53,34
53,37
53,43
53,49
53,52
53,55
53,61
53,67
53,73
53,76
53,79
53,85
53,88
53,91
53,97
53,103
53,109
53,112
53,115
53,121
53,124
53,127
53,130
53,133
53,136
53,139
53,145
53,151
53,157
53,163
53,166
53,169
53,175
53,178
53,181
53,187
53,193
53,196
53,197
53,198
56,-179
56,-167
56,-161
56,-143
56,-119
56,-107
56,-95
56,-89
56,-53
56,-47
56,-23
56,7
56,19
56,37
56,43
56,49
56,61
56,67
56,79
56,91
56,97
56,103
56,115
56,121
56,127
56,133
56,145
56,151
56,157
56,175
56,181
59,-197
59,-191
59,-188
59,-185
59,-182
59,-179
59,-176
59,-173
59,-170
59,-167
59,-161
59,-158
59,-155
59,-152
59,-149
59,-146
59,-143
59,-140
59,-137
59,-134
59,-131
59,-128
59,-125
59,-122
59,-119
59,-116
59,-113
59,-107
59,-104
59,-101
59,-95
59,-89
59,-86
59,-83
59,-80
59,-77
59,-74
59,-71
59,-68
59,-65
59,-59
59,-53
59,-50
59,-47
59,-44
59,-41
59,-35
59,-29
59,-23
59,-17
59,-14
59,-11
59,-5
59,1
59,7
59,13
59,19
59,22
59,25
59,31
59,34
59,37
59,40
59,43
59,49
59,55
59,61
59,64
59,67
59,73
59,79
59,82
59,85
59,88
59,91
59,94
59,97
59,100
59,103
59,109
59,112
59,115
59,121
59,127
59,133
59,139
59,142
59,145
59,151
59,157
59,163
59,169
59,172
59,175
59,181
59,187
59,193
59,196
59,197
59,198
62,-197
62,-185
62,-161
62,-125
62,-107
62,-95
62,-89
62,-59
62,-47
62,-35
62,-29
62,-23
62,-11
62,-5
62,1
62,7
62,13
62,25
62,43
62,49
62,55
62,67
62,73
62,97
62,115
62,121
62,127
62,133
62,139
62,151
62,157
62,163
62,187
65,-200
65,-197
65,-194
65,-191
65,-188
65,-185
65,-182
65,-179
65,-176
65,-173
65,-167
65,-164
65,-161
65,-158
65,-155
65,-152
65,-149
65,-146
65,-143
65,-140
65,-137
65,-134
65,-131
65,-125
65,-119
65,-116
65,-113
65,-107
65,-104
65,-101
65,-95
65,-92
65,-89
65,-83
65,-77
65,-74
65,-71
65,-65
65,-62
65,-59
65,-56
65,-53
65,-50
65,-47
65,-41
65,-38
65,-35
65,-29
65,-26
65,-23
65,-17
65,-14
65,-11
65,-8
65,-5
65,1
65,7
65,13
65,16
65,19
65,22
65,25
65,31
65,34
65,37
65,40
65,43
65,49
65,52
65,55
65,58
65,61
65,67
65,70
65,73
65,76
65,79
65,82
65,85
65,88
65,91
65,94
65,97
65,100
65,103
65,109
65,115
65,118
65,121
65,127
65,133
65,136
65,139
65,145
65,151
65,157
65,160
65,163
65,169
65,172
65,175
65,178
65,181
65,187
65,190
65,193
68,-191
68,-167
68,-119
68,-101
68,-95
68,-89
68,-83
68,-71
68,-59
68,-41
68,-29
68,-11
68,1
68,7
68,13
68,43
68,61
68,85
68,97
68,109
68,139
68,145
68,151
68,157
68,175
68,193
71,-197
71,-191
71,-188
71,-185
71,-182
71,-179
71,-173
71,-170
71,-167
71,-164
71,-161
71,-155
71,-152
71,-149
71,-146
71,-143
71,-140
71,-137
71,-134
71,-131
71,-128
71,-125
71,-119
71,-116
71,-113
71,-107
71,-104
71,-101
71,-98
71,-95
71,-89
71,-86
71,-83
71,-77
71,-74
71,-71
71,-65
71,-62
71,-59
71,-56
71,-53
71,-50
71,-47
71,-44
71,-41
71,-35
71,-32
71,-29
71,-26
71,-23
71,-17
71,-14
71,-11
71,-5
71,-2
71,1
71,7
71,13
71,19
71,25
71,28
71,31
71,34
71,37
71,43
71,49
71,55
71,58
71,61
71,64
71,67
71,70
71,73
71,76
71,79
71,82
71,85
71,91
71,94
71,97
71,100
71,103
71,106
71,109
71,115
71,121
71,124
71,127
71,130
71,133
71,139
71,145
71,148
71,151
71,157
71,160
71,163
71,166
71,169
71,175
71,178
71,181
71,187
71,190
71,193
74,-197
74,-173
74,-161
74,-155
74,-119
74,-95
74,-77
74,-59
74,-35
74,-17
74,-5
74,7
74,13
74,19
74,37
74,43
74,49
74,109
74,115
74,127
74,139
74,151
74,157
74,169
74,175
74,187
77,-200
77,-197
77,-194
77,-191
77,-188
77,-185
77,-182
77,-179
77,-173
77,-170
77,-167
77,-161
77,-158
77,-155
77,-152
77,-149
77,-143
77,-140
77,-137
77,-131
77,-128
77,-125
77,-122
77,-119
77,-113
77,-107
77,-101
77,-98
77,-95
77,-89
77,-86
77,-83
77,-80
77,-77
77,-74
77,-71
77,-65
77,-62
77,-59
77,-53
77,-50
77,-47
77,-41
77,-38
77,-35
77,-29
77,-23
77,-17
77,-14
77,-11
77,-8
77,-5
77,1
77,7
77,10
77,13
77,19
77,22
77,25
77,28
77,31
77,37
77,43
77,46
77,49
77,55
77,61
77,64
77,67
77,73
77,76
77,79
77,82
77,85
77,91
77,97
77,100
77,103
77,106
77,109
77,112
77,115
77,121
77,127
77,130
77,133
77,136
77,139
77,145
77,151
77,157
77,163
77,166
77,169
77,172
77,175
77,178
77,181
77,187
77,190
77,193
80,-173
80,-149
80,-143
80,-131
80,-113
80,-107
80,-101
80,-83
80,-65
80,-53
80,-41
80,-29
80,-23
80,-17
80,1
80,7
80,25
80,37
80,49
80,55
80,61
80,73
80,79
80,91
80,109
80,121
80,139
80,145
80,151
80,181
80,193
83,-200
83,-197
83,-194
83,-191
83,-185
83,-179
83,-173
83,-170
83,-167
83,-161
83,-158
83,-155
83,-149
83,-146
83,-143
83,-140
83,-137
83,-134
83,-131
83,-125
83,-119
83,-113
83,-107
83,-101
83,-95
83,-92
83,-89
83,-86
83,-83
83,-77
83,-74
83,-71
83,-68
83,-65
83,-59
83,-56
83,-53
83,-47
83,-41
83,-38
83,-35
83,-32
83,-29
83,-23
83,-17
83,-14
83,-11
83,-5
83,-2
83,1
83,7
83,10
83,13
83,19
83,22
83,25
83,31
83,37
83,43
83,49
83,52
83,55
83,58
83,61
83,64
83,67
83,70
83,73
83,79
83,82
83,85
83,88
83,91
83,97
83,100
83,103
83,106
83,109
83,112
83,115
83,121
83,127
83,133
83,139
83,145
83,151
83,157
83,163
83,169
83,172
83,175
83,178
83,181
83,187
83,193
83,196
83,197
83,198
86,-197
86,-191
86,-185
86,-179
86,-173
86,-161
86,-125
86,-119
86,-113
86,-107
86,-101
86,-89
86,-77
86,-71
86,-59
86,-47
86,-35
86,-23
86,-17
86,-5
86,7
86,19
86,31
86,37
86,43
86,67
86,79
86,91
86,103
86,115
86,121
86,127
86,133
86,139
86,145
86,151
86,157
86,163
86,181
86,187
86,193
89,-197
89,-191
89,-185
89,-179
89,-176
89,-173
89,-170
89,-167
89,-161
89,-158
89,-155
89,-152
89,-149
89,-146
89,-143
89,-137
89,-134
89,-131
89,-125
89,-119
89,-113
89,-110
89,-107
89,-101
89,-95
89,-92
89,-89
89,-83
89,-77
89,-71
89,-65
89,-59
89,-56
89,-53
89,-50
89,-47
89,-41
89,-35
89,-32
89,-29
89,-23
89,-17
89,-14
89,-11
89,-5
89,-2
89,1
89,4
89,7
89,10
89,13
89,19
89,22
89,25
89,28
89,31
89,37
89,43
89,49
89,52
89,55
89,58
89,61
89,64
89,67
89,73
89,76
89,79
89,82
89,85
89,91
89,94
89,97
89,100
89,103
89,109
89,112
89,115
89,118
89,121
89,124
89,127
89,130
89,133
89,136
89,139
89,145
89,148
89,151
89,157
89,160
89,163
89,169
89,175
89,181
89,187
89,190
89,193
92,-185
92,-179
92,-161
92,-131
92,-125
92,-119
92,-107
92,-101
92,-95
92,-83
92,-77
92,-65
92,-59
92,-41
92,-35
92,-23
92,-17
92,1
92,31
92,37
92,43
92,103
92,121
92,133
92,151
92,157
92,169
92,175
92,181
92,187
95,-197
95,-194
95,-191
95,-185
95,-179
95,-176
95,-173
95,-167
95,-164
95,-161
95,-158
95,-155
95,-149
95,-143
95,-137
95,-131
95,-125
95,-119
95,-113
95,-107
95,-101
95,-95
95,-92
95,-89
95,-86
95,-83
95,-80
95,-77
95,-74
95,-71
95,-65
95,-59
95,-53
95,-50
95,-47
95,-41
95,-35
95,-29
95,-26
95,-23
95,-17
95,-14
95,-11
95,-5
95,-2
95,1
95,7
95,13
95,16
95,19
95,25
95,28
95,31
95,34
95,37
95,43
95,49
95,52
95,55
95,61
95,67
95,73
95,79
95,82
95,85
95,91
95,97
95,103
95,109
95,115
95,118
95,121
95,124
95,127
95,133
95,136
95,139
95,145
95,148
95,151
95,157
95,160
95,163
95,169
95,172
95,175
95,181
95,187
95,190
95,193
95,196
95,197
95,198
98,-197
98,-185
98,-179
98,-155
98,-149
98,-143
98,-137
98,-131
98,-125
98,-119
98,-113
98,-107
98,-101
98,-95
98,-65
98,-59
98,-53
98,-41
98,-35
98,-29
98,-17
98,1
98,7
98,19
98,31
98,43
98,55
98,61
98,67
98,73
98,85
98,91
98,97
98,109
98,139
98,151
98,163
98,175
98,181
98,193